#Item. Nature
0	 0
0	 1
0	 2
0	 3
0	 4
0	 5
0	 6
0	 7
0	 8
0	 9
0	 10
0	 11
0	 12
0	 13
0	 14
0	 15
0	 16
0	 17
0	 18
0	 19
0	 20
0	 21
0	 22
0	 23
0	 24
0	 25
0	 26
0	 27
0	 28
0	 29
0	 30
0	 31
0	 32
0	 33
0	 34
0	 35
0	 36
0	 37
0	 38
0	 39
0	 40
0	 41
0	 42
#Crop
5	390	387,388,389,390,0,2259,0
5	394	391,392,393,394,0,2291,0
5	398	395,396,397,398,399,2260,0
5	403	400,401,402,403,0,2292,0
5	407	404,405,406,407,0,2293,0
5	411	408,409,410,411,412,2261,0
5	416	413,414,415,416,0,2262,0
5	420	417,418,419,420,421,2294,0
5	425	422,423,424,425,0,2295,0
5	429	426,427,0,429,0,2296,0
5	433	430,431,432,433,0,2297,0
5	437	434,435,436,437,438,2263,0
5	442	439,440,441,442,443,2264,2265
5	447	444,445,446,447,0,2266,2267
5	455	452,453,454,455,456,2298,0
5	460	457,458,459,460,0,2269,0
5	464	461,462,463,464,465,2268,0

