0	0
1	-1
2	17
3	14
4	14
5	17
6	17
7	17
8	8
9	8
10	9
11	15
12	15
13	15
14	20
15	17
16	17
17	6
18	18
19	18
20	18
21	9
22	9
23	9
24	-1
25	7
26	23
27	23
28	23
29	-1
30	-1
31	-1
32	-1
33	-1
34	-1
35	-1
36	23
37	23
38	-1
39	23
40	23
41	23
42	23
43	24
44	24
45	23
46	-1
47	24
48	24
49	-1
50	-1
51	-1
52	-1
53	-1
54	-1
55	-1
56	-1
57	-1
58	-1
59	-1
60	-1
61	-1
62	-1
63	-1
64	-1
65	-1
66	-1
67	-1
68	-1
69	-1
70	-1
71	-1
72	-1
73	-1
74	-1
75	-1
76	-1
77	-1
78	-1
79	-1
80	-1
81	17
82	19
83	-1
84	-1
85	-1
86	-1
87	-1
88	-1
89	-1
90	23
91	23
92	23
93	23
94	23
95	23
96	23
97	23
98	23
99	23
100	23
101	23
102	23
103	23
104	23
105	23
106	23
107	23
108	23
109	25
110	25
111	25
112	-1
113	-1
114	-1
115	-1
116	-1
117	-1
118	-1
119	-1
120	1
121	1
122	1
123	1
124	17
125	19
126	14
127	11
128	1
129	-1
130	9
131	9
132	15
133	-1
134	-1
135	-1
136	-1
137	-1
138	24
139	24
140	-1
141	-1
142	1
143	1
144	1
145	1
146	15
147	17
148	-1
149	10
150	-1
151	-1
152	-1
153	-1
154	-1
155	-1
156	-1
157	-1
158	11
159	-1
160	-1
161	17
162	17
163	-1
164	-1
165	-1
166	25
167	25
168	25
169	25
170	-1
171	22
172	17
173	17
174	10
175	15
176	25
177	25
178	25
179	23
180	25
181	-1
182	6
183	6
184	6
185	6
186	6
187	6
188	6
189	6
190	6
191	13
192	13
193	13
194	13
195	13
196	13
197	13
198	13
199	13
200	13
201	13
202	13
203	13
204	13
205	13
206	13
207	13
208	13
209	11
210	11
211	-1
212	-1
213	-1
214	-1
215	-1
216	-1
217	-1
218	-1
219	-1
220	-1
221	-1
222	-1
223	1
224	1
225	1
226	1
227	1
228	1
229	1
230	1
231	1
232	11
233	-1
234	-1
235	12
236	12
237	-1
238	-1
239	-1
240	-1
241	11
242	-1
243	24
244	24
245	-1
246	-1
247	-1
248	-1
249	-1
250	-1
251	-1
252	-1
253	-1
254	-1
255	-1
256	11
257	-1
258	-1
259	7
260	7
261	7
262	7
263	7
264	7
265	7
266	7
267	7
268	23
269	-1
270	-1
271	-1
272	-1
273	-1
274	-1
275	-1
276	-1
277	-1
278	-1
279	-1
280	-1
281	-1
282	-1
283	-1
284	-1
285	-1
286	-1
287	-1
288	-1
289	-1
290	-1
291	-1
292	-1
293	-1
294	-1
295	-1
296	-1
297	-1
298	-1
299	-1
300	-1
301	-1
302	-1
303	-1
304	-1
305	-1
306	-1
307	-1
308	-1
309	-1
310	-1
311	-1
312	-1
313	-1
314	-1
315	-1
316	-1
317	-1
318	-1
319	-1
320	-1
321	-1
322	-1
323	-1
324	-1
325	-1
326	-1
327	-1
328	-1
329	-1
330	-1
331	-1
332	-1
333	0
334	0
335	0
336	0
337	0
338	0
339	0
340	0
341	0
342	-1
343	-1
344	-1
345	6
346	7
347	-1
348	-1
349	0
350	-1
351	-1
352	-1
353	-1
354	-1
355	-1
356	-1
357	-1
358	-1
359	-1
360	-1
361	-1
362	-1
363	-1
364	-1
365	-1
366	-1
367	-1
368	-1
369	-1
370	-1
371	-1
372	-1
373	-1
374	-1
375	-1
376	-1
377	-1
378	-1
379	-1
380	-1
381	-1
382	-1
383	1
384	1
385	6
386	7
387	13
388	13
389	0
390	3
391	3
392	3
393	3
394	3
395	3
396	3
397	3
398	3
399	3
400	3
401	23
402	-1
403	-1
404	-1
405	-1
406	-1
407	-1
408	-1
409	-1
410	-1
411	-1
412	-1
413	-1
414	17
415	11
416	18
417	-1
418	17
419	17
420	0
421	-1
422	-1
423	-1
424	-1
425	-1
426	-1
427	-1
428	-1
429	-1
430	-1
431	-1
432	-1
433	-1
434	-1
435	-1
436	-1
437	-1
438	-1
439	-1
440	-1
441	-1
442	-1
443	-1
444	-1
445	-1
446	-1
447	-1
448	-1
449	-1
450	-1
451	-1
452	-1
453	-1
454	-1
455	-1
456	-1
457	-1
458	-1
459	-1
460	-1
461	-1
462	-1
463	-1
464	-1
465	-1
466	-1
467	-1
468	-1
469	-1
470	-1
471	-1
472	-1
473	-1
474	-1
475	-1
476	-1
477	-1
478	-1
479	-1
480	-1
481	-1
482	-1
483	-1
484	-1
485	-1
486	-1
487	-1
488	-1
489	-1
490	-1
491	-1
492	-1
493	-1
494	-1
495	-1
496	-1
497	-1
498	-1
499	-1
500	-1
501	-1
502	-1
503	-1
504	-1
505	-1
506	-1
507	-1
508	-1
509	-1
510	-1
511	-1
512	-1
513	-1
514	-1
515	-1
516	-1
517	-1
518	-1
519	-1
520	-1
521	-1
522	-1
523	23
524	23
525	-1
526	-1
527	-1
528	-1
529	-1
530	-1
531	-1
532	-1
533	-1
534	-1
535	-1
536	-1
537	-1
538	-1
539	-1
540	-1
541	-1
542	-1
543	-1
544	-1
545	-1
546	-1
547	-1
548	-1
549	-1
550	-1
551	-1
552	-1
553	-1
554	-1
555	-1
556	-1
557	-1
558	-1
559	-1
560	-1
561	-1
562	-1
563	-1
564	-1
565	-1
566	-1
567	-1
568	-1
569	-1
570	-1
571	-1
572	-1
573	-1
574	-1
575	-1
576	-1
577	-1
578	-1
579	-1
580	-1
581	-1
582	-1
583	-1
584	-1
585	-1
586	-1
587	-1
588	-1
589	-1
590	-1
591	-1
592	-1
593	-1
594	-1
595	-1
596	-1
597	-1
598	-1
599	-1
600	-1
601	-1
602	-1
603	-1
604	-1
605	-1
606	-1
607	-1
608	-1
609	-1
610	-1
611	-1
612	-1
613	-1
614	-1
615	-1
616	-1
617	-1
618	-1
619	-1
620	-1
621	7
622	-1
623	-1
624	-1
625	-1
626	-1
627	-1
628	-1
629	-1
630	-1
631	23
632	23
633	23
634	23
635	23
636	23
637	-1
638	-1
639	-1
640	-1
641	-1
642	-1
643	-1
644	-1
645	-1
646	-1
647	-1
648	-1
649	-1
650	-1
651	-1
652	-1
653	-1
654	-1
655	-1
656	-1
657	-1
658	-1
659	-1
660	-1
661	-1
662	-1
663	-1
664	-1
665	-1
666	-1
667	-1
668	-1
669	-1
670	-1
671	-1
672	-1
673	-1
674	-1
675	-1
676	-1
677	-1
678	-1
679	-1
680	15
681	-1
682	-1
683	-1
684	18
685	-1
686	-1
687	-1
688	-1
689	-1
690	-1
691	-1
692	-1
693	-1
694	-1
695	-1
696	-1
697	-1
698	-1
699	-1
700	-1
701	-1
702	-1
703	-1
704	-1
705	-1
706	-1
707	-1
708	-1
709	-1
710	-1
711	-1
712	-1
713	-1
714	-1
715	-1
716	-1
717	-1
718	-1
719	-1
720	-1
721	-1
722	-1
723	-1
724	-1
725	-1
726	-1
727	-1
728	-1
729	-1
730	-1
731	-1
732	-1
733	-1
734	-1
735	-1
736	-1
737	-1
738	-1
739	-1
740	-1
741	-1
742	-1
743	-1
744	-1
745	-1
746	-1
747	-1
748	-1
749	-1
750	-1
751	-1
752	-1
753	-1
754	-1
755	-1
756	-1
757	-1
758	-1
759	-1
760	-1
761	-1
762	-1
763	-1
764	-1
765	-1
766	-1
767	-1
768	-1
769	-1
770	-1
771	-1
772	-1
773	-1
774	-1
775	-1
776	-1
777	-1
778	-1
779	-1
780	-1
781	-1
782	-1
783	-1
784	-1
785	-1
786	-1
787	-1
788	-1
789	-1
790	-1
791	-1
792	-1
793	-1
794	-1
795	-1
796	-1
797	-1
798	-1
799	-1
800	-1
801	-1
802	-1
803	-1
804	-1
805	-1
806	-1
807	-1
808	-1
809	-1
810	-1
811	-1
812	-1
813	-1
814	-1
815	-1
816	-1
817	-1
818	-1
819	-1
820	-1
821	-1
822	-1
823	-1
824	-1
825	-1
826	-1
827	-1
828	-1
829	-1
830	-1
831	-1
832	-1
833	-1
834	-1
835	-1
836	-1
837	-1
838	-1
839	-1
840	-1
841	-1
842	-1
843	-1
844	-1
845	-1
846	-1
847	-1
848	-1
849	-1
850	-1
851	-1
852	-1
853	-1
854	-1
855	-1
856	-1
857	-1
858	-1
859	-1
860	-1
861	-1
862	-1
863	-1
864	-1
865	-1
866	-1
867	-1
868	-1
869	-1
870	-1
871	-1
872	-1
873	-1
874	-1
875	-1
876	-1
877	-1
878	-1
879	-1
880	-1
881	-1
882	-1
883	-1
884	-1
885	-1
886	-1
887	-1
888	-1
889	-1
890	-1
891	-1
892	-1
893	-1
894	-1
895	-1
896	-1
897	-1
898	-1
899	-1
900	-1
901	-1
902	-1
903	-1
904	-1
905	-1
906	-1
907	-1
908	-1
909	-1
910	-1
911	-1
912	-1
913	-1
914	-1
915	-1
916	-1
917	-1
918	-1
919	-1
920	-1
921	-1
922	-1
923	-1
924	-1
925	-1
926	-1
927	-1
928	-1
929	-1
930	-1
931	-1
932	-1
933	-1
934	-1
935	-1
936	-1
937	-1
938	-1
939	-1
940	-1
941	-1
942	-1
943	-1
944	-1
945	-1
946	-1
947	-1
948	-1
949	-1
950	-1
951	-1
952	-1
953	-1
954	-1
955	-1
956	-1
957	-1
958	-1
959	-1
960	-1
961	-1
962	-1
963	-1
964	-1
965	-1
966	-1
967	-1
968	-1
969	-1
970	-1
971	-1
972	-1
973	-1
974	-1
975	-1
976	-1
977	-1
978	-1
979	-1
980	-1
981	-1
982	-1
983	-1
984	-1
985	-1
986	-1
987	-1
988	-1
989	-1
990	-1
991	-1
992	-1
993	-1
994	-1
995	-1
996	-1
997	-1
998	-1
999	-1
1000	-1
1001	-1
1002	-1
1003	-1
1004	-1
1005	-1
1006	-1
1007	-1
1008	-1
1009	-1
1010	-1
1011	-1
1012	-1
1013	-1
1014	-1
1015	-1
1016	-1
1017	-1
1018	-1
1019	-1
1020	-1
1021	-1
1022	-1
1023	-1
1024	-1
1025	-1
1026	-1
1027	-1
1028	-1
1029	-1
1030	-1
1031	-1
1032	-1
1033	-1
1034	-1
1035	-1
1036	-1
1037	-1
1038	-1
1039	-1
1040	-1
1041	-1
1042	-1
1043	-1
1044	-1
1045	-1
1046	-1
1047	-1
1048	-1
1049	-1
1050	-1
1051	-1
1052	-1
1053	-1
1054	-1
1055	-1
1056	-1
1057	-1
1058	-1
1059	-1
1060	-1
1061	-1
1062	-1
1063	-1
1064	-1
1065	-1
1066	-1
1067	-1
1068	-1
1069	-1
1070	-1
1071	-1
1072	-1
1073	-1
1074	-1
1075	-1
1076	-1
1077	-1
1078	-1
1079	-1
1080	-1
1081	-1
1082	-1
1083	-1
1084	-1
1085	-1
1086	-1
1087	-1
1088	-1
1089	-1
1090	-1
1091	-1
1092	-1
1093	-1
1094	-1
1095	-1
1096	-1
1097	-1
1098	-1
1099	-1
1100	-1
1101	-1
1102	-1
1103	-1
1104	-1
1105	-1
1106	-1
1107	-1
1108	-1
1109	-1
1110	-1
1111	-1
1112	-1
1113	-1
1114	-1
1115	-1
1116	-1
1117	-1
1118	-1
1119	-1
1120	-1
1121	-1
1122	-1
1123	-1
1124	-1
1125	-1
1126	-1
1127	-1
1128	-1
1129	-1
1130	-1
1131	-1
1132	-1
1133	-1
1134	-1
1135	-1
1136	-1
1137	-1
1138	-1
1139	-1
1140	-1
1141	-1
1142	-1
1143	-1
1144	-1
1145	-1
1146	-1
1147	-1
1148	-1
1149	-1
1150	-1
1151	-1
1152	-1
1153	-1
1154	-1
1155	-1
1156	-1
1157	-1
1158	1
1159	1
1160	1
1161	1
1162	1
1163	1
1164	1
1165	1
1166	1
1167	1
1168	1
1169	1
1170	1
1171	1
1172	1
1173	1
1174	1
1175	1
1176	1
1177	1
1178	1
1179	1
1180	6
1181	6
1182	6
1183	6
1184	6
1185	6
1186	6
1187	6
1188	6
1189	6
1190	6
1191	7
1192	7
1193	7
1194	7
1195	7
1196	7
1197	7
1198	7
1199	7
1200	7
1201	7
1202	13
1203	13
1204	13
1205	13
1206	13
1207	13
1208	13
1209	13
1210	13
1211	13
1212	13
1213	13
1214	13
1215	13
1216	13
1217	13
1218	13
1219	13
1220	13
1221	13
1222	13
1223	13
1224	0
1225	0
1226	0
1227	0
1228	0
1229	0
1230	0
1231	0
1232	0
1233	0
1234	0
1235	3
1236	3
1237	3
1238	3
1239	3
1240	3
1241	3
1242	3
1243	3
1244	3
1245	3
1246	-1
1247	1
1248	1
1249	1
1250	1
1251	1
1252	1
1253	1
1254	1
1255	1
1256	1
1257	1
1258	1
1259	1
1260	1
1261	1
1262	1
1263	1
1264	1
1265	1
1266	1
1267	1
1268	1
1269	6
1270	6
1271	6
1272	6
1273	6
1274	6
1275	6
1276	6
1277	6
1278	6
1279	6
1280	7
1281	7
1282	7
1283	7
1284	7
1285	7
1286	7
1287	7
1288	7
1289	7
1290	7
1291	13
1292	13
1293	13
1294	13
1295	13
1296	13
1297	13
1298	13
1299	13
1300	13
1301	13
1302	13
1303	13
1304	13
1305	13
1306	13
1307	13
1308	13
1309	13
1310	13
1311	13
1312	13
1313	0
1314	0
1315	0
1316	0
1317	0
1318	0
1319	0
1320	0
1321	0
1322	0
1323	0
1324	3
1325	3
1326	3
1327	3
1328	3
1329	3
1330	3
1331	3
1332	3
1333	3
1334	3
1335	-1
1336	1
1337	1
1338	1
1339	1
1340	1
1341	1
1342	1
1343	1
1344	1
1345	1
1346	1
1347	1
1348	1
1349	1
1350	1
1351	1
1352	1
1353	1
1354	1
1355	1
1356	1
1357	1
1358	6
1359	6
1360	6
1361	6
1362	6
1363	6
1364	6
1365	6
1366	6
1367	6
1368	6
1369	7
1370	7
1371	7
1372	7
1373	7
1374	7
1375	7
1376	7
1377	7
1378	7
1379	7
1380	13
1381	13
1382	13
1383	13
1384	13
1385	13
1386	13
1387	13
1388	13
1389	13
1390	13
1391	13
1392	13
1393	13
1394	13
1395	13
1396	13
1397	13
1398	13
1399	13
1400	13
1401	13
1402	0
1403	0
1404	0
1405	0
1406	0
1407	0
1408	0
1409	0
1410	0
1411	0
1412	0
1413	3
1414	3
1415	3
1416	3
1417	3
1418	3
1419	3
1420	3
1421	3
1422	3
1423	3
1424	-1
1425	1
1426	1
1427	1
1428	1
1429	1
1430	1
1431	1
1432	1
1433	1
1434	1
1435	1
1436	1
1437	1
1438	1
1439	1
1440	1
1441	1
1442	1
1443	1
1444	1
1445	1
1446	1
1447	6
1448	6
1449	6
1450	6
1451	6
1452	6
1453	6
1454	6
1455	6
1456	6
1457	6
1458	7
1459	7
1460	7
1461	7
1462	7
1463	7
1464	7
1465	7
1466	7
1467	7
1468	7
1469	13
1470	13
1471	13
1472	13
1473	13
1474	13
1475	13
1476	13
1477	13
1478	13
1479	13
1480	13
1481	13
1482	13
1483	13
1484	13
1485	13
1486	13
1487	13
1488	13
1489	13
1490	13
1491	0
1492	0
1493	0
1494	0
1495	0
1496	0
1497	0
1498	0
1499	0
1500	0
1501	0
1502	3
1503	3
1504	3
1505	3
1506	3
1507	3
1508	3
1509	3
1510	3
1511	3
1512	3
1513	-1
1514	1
1515	1
1516	1
1517	1
1518	1
1519	1
1520	1
1521	1
1522	1
1523	1
1524	1
1525	1
1526	1
1527	1
1528	1
1529	1
1530	1
1531	1
1532	1
1533	1
1534	1
1535	1
1536	6
1537	6
1538	6
1539	6
1540	6
1541	6
1542	6
1543	6
1544	6
1545	6
1546	6
1547	7
1548	7
1549	7
1550	7
1551	7
1552	7
1553	7
1554	7
1555	7
1556	7
1557	7
1558	13
1559	13
1560	13
1561	13
1562	13
1563	13
1564	13
1565	13
1566	13
1567	13
1568	13
1569	13
1570	13
1571	13
1572	13
1573	13
1574	13
1575	13
1576	13
1577	13
1578	13
1579	13
1580	0
1581	0
1582	0
1583	0
1584	0
1585	0
1586	0
1587	0
1588	0
1589	0
1590	0
1591	3
1592	3
1593	3
1594	3
1595	3
1596	3
1597	3
1598	3
1599	3
1600	3
1601	3
1602	-1
1603	1
1604	1
1605	1
1606	1
1607	1
1608	1
1609	1
1610	1
1611	1
1612	1
1613	1
1614	1
1615	1
1616	1
1617	1
1618	1
1619	1
1620	1
1621	1
1622	1
1623	1
1624	1
1625	6
1626	6
1627	6
1628	6
1629	6
1630	6
1631	6
1632	6
1633	6
1634	6
1635	6
1636	7
1637	7
1638	7
1639	7
1640	7
1641	7
1642	7
1643	7
1644	7
1645	7
1646	7
1647	13
1648	13
1649	13
1650	13
1651	13
1652	13
1653	13
1654	13
1655	13
1656	13
1657	13
1658	13
1659	13
1660	13
1661	13
1662	13
1663	13
1664	13
1665	13
1666	13
1667	13
1668	13
1669	0
1670	0
1671	0
1672	0
1673	0
1674	0
1675	0
1676	0
1677	0
1678	0
1679	0
1680	3
1681	3
1682	3
1683	3
1684	3
1685	3
1686	3
1687	3
1688	3
1689	3
1690	3
1691	-1
1692	1
1693	1
1694	1
1695	1
1696	1
1697	1
1698	1
1699	1
1700	1
1701	1
1702	1
1703	1
1704	1
1705	1
1706	1
1707	1
1708	1
1709	1
1710	1
1711	1
1712	1
1713	1
1714	6
1715	6
1716	6
1717	6
1718	6
1719	6
1720	6
1721	6
1722	6
1723	6
1724	6
1725	7
1726	7
1727	7
1728	7
1729	7
1730	7
1731	7
1732	7
1733	7
1734	7
1735	7
1736	13
1737	13
1738	13
1739	13
1740	13
1741	13
1742	13
1743	13
1744	13
1745	13
1746	13
1747	13
1748	13
1749	13
1750	13
1751	13
1752	13
1753	13
1754	13
1755	13
1756	13
1757	13
1758	0
1759	0
1760	0
1761	0
1762	0
1763	0
1764	0
1765	0
1766	0
1767	0
1768	0
1769	3
1770	3
1771	3
1772	3
1773	3
1774	3
1775	3
1776	3
1777	3
1778	3
1779	3
1780	-1
1781	1
1782	1
1783	1
1784	1
1785	1
1786	1
1787	1
1788	1
1789	1
1790	1
1791	1
1792	1
1793	1
1794	1
1795	1
1796	1
1797	1
1798	1
1799	1
1800	1
1801	1
1802	1
1803	6
1804	6
1805	6
1806	6
1807	6
1808	6
1809	6
1810	6
1811	6
1812	6
1813	6
1814	7
1815	7
1816	7
1817	7
1818	7
1819	7
1820	7
1821	7
1822	7
1823	7
1824	7
1825	13
1826	13
1827	13
1828	13
1829	13
1830	13
1831	13
1832	13
1833	13
1834	13
1835	13
1836	13
1837	13
1838	13
1839	13
1840	13
1841	13
1842	13
1843	13
1844	13
1845	13
1846	13
1847	0
1848	0
1849	0
1850	0
1851	0
1852	0
1853	0
1854	0
1855	0
1856	0
1857	0
1858	3
1859	3
1860	3
1861	3
1862	3
1863	3
1864	3
1865	3
1866	3
1867	3
1868	3
1869	-1
1870	1
1871	1
1872	1
1873	1
1874	1
1875	1
1876	1
1877	1
1878	1
1879	1
1880	1
1881	1
1882	1
1883	1
1884	1
1885	1
1886	1
1887	1
1888	1
1889	1
1890	1
1891	1
1892	6
1893	6
1894	6
1895	6
1896	6
1897	6
1898	6
1899	6
1900	6
1901	6
1902	6
1903	7
1904	7
1905	7
1906	7
1907	7
1908	7
1909	7
1910	7
1911	7
1912	7
1913	7
1914	13
1915	13
1916	13
1917	13
1918	13
1919	13
1920	13
1921	13
1922	13
1923	13
1924	13
1925	13
1926	13
1927	13
1928	13
1929	13
1930	13
1931	13
1932	13
1933	13
1934	13
1935	13
1936	0
1937	0
1938	0
1939	0
1940	0
1941	0
1942	0
1943	0
1944	0
1945	0
1946	0
1947	3
1948	3
1949	3
1950	3
1951	3
1952	3
1953	3
1954	3
1955	3
1956	3
1957	3
1958	-1
1959	1
1960	1
1961	1
1962	1
1963	1
1964	1
1965	1
1966	1
1967	1
1968	1
1969	1
1970	1
1971	1
1972	1
1973	1
1974	1
1975	1
1976	1
1977	1
1978	1
1979	1
1980	1
1981	6
1982	6
1983	6
1984	6
1985	6
1986	6
1987	6
1988	6
1989	6
1990	6
1991	6
1992	7
1993	7
1994	7
1995	7
1996	7
1997	7
1998	7
1999	7
2000	7
2001	7
2002	7
2003	13
2004	13
2005	13
2006	13
2007	13
2008	13
2009	13
2010	13
2011	13
2012	13
2013	13
2014	13
2015	13
2016	13
2017	13
2018	13
2019	13
2020	13
2021	13
2022	13
2023	13
2024	13
2025	0
2026	0
2027	0
2028	0
2029	0
2030	0
2031	0
2032	0
2033	0
2034	0
2035	0
2036	3
2037	3
2038	3
2039	3
2040	3
2041	3
2042	3
2043	3
2044	3
2045	3
2046	3
2047	-1